#"template_data":{"terminal":"output","export_type":"column","template":{"wires":[{"target":[10,"data"],"source":[1,"output"]},{"target":[3,"data"],"source":[2,"output"]},{"target":[7,"data"],"source":[3,"output"]},{"target":[10,"backp"],"source":[7,"output"]},{"target":[5,"data"],"source":[4,"output"]},{"target":[6,"data"],"source":[5,"output"]},{"target":[10,"backm"],"source":[6,"output"]},{"target":[9,"data"],"source":[8,"output"]},{"target":[11,"data"],"source":[9,"output"]},{"target":[12,"data"],"source":[11,"output"]},{"target":[13,"base"],"source":[12,"output"]},{"target":[13,"data"],"source":[10,"output"]},{"target":[14,"data"],"source":[0,"output"]},{"target":[1,"data"],"source":[14,"output"]},{"target":[15,"data"],"source":[13,"output"]}],"modules":[{"title":"load spec","version":"2020-12-18","y":10,"module":"ncnr.refl.super_load","config":{"filelist":[{"mtime":1531748873,"path":"ncnrdata/magik/201806/23396/data/ch0612281.nxz.cgd","entries":["unpolarized"],"source":"ncnr"},{"mtime":1531742462,"path":"ncnrdata/magik/201806/23396/data/ch0612275.nxz.cgd","entries":["unpolarized"],"source":"ncnr"},{"mtime":1531732328,"path":"ncnrdata/magik/201806/23396/data/ch0612269.nxz.cgd","entries":["unpolarized"],"source":"ncnr"},{"mtime":1531722197,"path":"ncnrdata/magik/201806/23396/data/ch0612263.nxz.cgd","entries":["unpolarized"],"source":"ncnr"}],"intent":"specular","detector_correction":true},"x":30},{"title":"join","version":"2020-12-15","y":10,"module":"ncnr.refl.join","config":{"dQ_tolerance":0.01},"x":310},{"title":"load bg+","version":"2020-12-18","y":50,"module":"ncnr.refl.super_load","config":{"filelist":[{"mtime":1531745782,"path":"ncnrdata/magik/201806/23396/data/ch0612277.nxz.cgd","entries":["unpolarized"],"source":"ncnr"},{"mtime":1531735651,"path":"ncnrdata/magik/201806/23396/data/ch0612271.nxz.cgd","entries":["unpolarized"],"source":"ncnr"},{"mtime":1531725523,"path":"ncnrdata/magik/201806/23396/data/ch0612265.nxz.cgd","entries":["unpolarized"],"source":"ncnr"}],"Qz_basis":"sample","intent":"background+","detector_correction":true},"x":30},{"y":50,"title":"mask","version":"2019-07-02","x":170,"module":"ncnr.refl.mask_points"},{"title":"load bg-","version":"2020-12-18","y":90,"module":"ncnr.refl.super_load","config":{"filelist":[{"mtime":1531744117,"path":"ncnrdata/magik/201806/23396/data/ch0612276.nxz.cgd","entries":["unpolarized"],"source":"ncnr"},{"mtime":1531733986,"path":"ncnrdata/magik/201806/23396/data/ch0612270.nxz.cgd","entries":["unpolarized"],"source":"ncnr"},{"mtime":1531723858,"path":"ncnrdata/magik/201806/23396/data/ch0612264.nxz.cgd","entries":["unpolarized"],"source":"ncnr"}],"Qz_basis":"sample","intent":"background-","detector_correction":true},"x":30},{"y":90,"title":"mask","version":"2019-07-02","x":170,"module":"ncnr.refl.mask_points"},{"title":"join","version":"2020-12-15","y":90,"module":"ncnr.refl.join","config":{"dQ_tolerance":0.01},"x":310},{"title":"join","version":"2020-12-15","y":50,"module":"ncnr.refl.join","config":{"dQ_tolerance":0.01},"x":310},{"title":"load slit","version":"2020-12-18","y":130,"module":"ncnr.refl.super_load","config":{"filelist":[{"mtime":1531749454,"path":"ncnrdata/magik/201806/23396/data/ch0612282.nxz.cgd","entries":["unpolarized"],"source":"ncnr"},{"mtime":1531750249,"path":"ncnrdata/magik/201806/23396/data/ch0612283.nxz.cgd","entries":["unpolarized"],"source":"ncnr"},{"mtime":1531715440,"path":"ncnrdata/magik/201806/23396/data/ch0612259.nxz.cgd","entries":["unpolarized"],"source":"ncnr"}],"intent":"intensity","detector_correction":true},"x":30},{"y":130,"title":"mask","version":"2019-07-02","x":170,"module":"ncnr.refl.mask_points"},{"y":10,"title":"sub bg","version":"2016-03-23","x":455,"module":"ncnr.refl.subtract_background"},{"title":"rescale","version":"2015-12-17","y":130,"module":"ncnr.refl.rescale","config":{"scale":[17.35735893238894,387.07828654425913,1]},"x":310},{"y":130,"title":"join","version":"2020-12-15","x":455,"module":"ncnr.refl.join"},{"y":55,"title":"divide","version":"2020-07-23","x":600,"module":"ncnr.refl.divide_intensity"},{"title":"mask","y":10,"version":"2019-07-02","x":170,"module":"ncnr.refl.mask_points"},{"title":"Rescale","version":"2015-12-17","y":55,"module":"ncnr.refl.rescale","config":{"scale":[1.0449709663417763],"dscale":[0.02]},"x":750}]},"server_git_hash":"55943668fbdf4874806dc38274c625e7b0e985a2","config":{},"node":15}
# "name": "ch0612263"
# "entry": "unpolarized"
# "polarization": ""
# "wavelength": [5.0, 5.0, 5.0, 5.0, 5.0, 5.0, 5.0, 5.0, 5.0, 5.0, 5.0, 5.0, 5.0, 5.0, 5.0, 5.0, 5.0, 5.0, 5.0, 5.0, 5.0, 5.0, 5.0, 5.0, 5.0, 5.0, 5.0, 5.0, 5.0, 5.0, 5.0, 5.0, 5.0, 5.0, 5.0, 5.0, 5.0, 5.0, 5.0, 5.0, 5.0, 5.0, 5.0, 5.0, 5.0, 5.0, 5.0, 5.0, 5.0, 5.0, 5.0, 5.0, 5.0, 5.0, 5.0, 5.0, 5.0, 5.0, 5.0, 5.0, 5.0, 5.0, 5.0, 5.0, 5.0, 5.0, 5.0, 5.0, 5.0, 5.0, 5.0, 5.0, 5.0, 5.0, 5.0, 5.0, 5.0, 5.0, 5.0, 5.0, 5.0, 5.0, 5.0, 5.0, 5.0, 5.0, 5.0, 5.0, 5.0, 5.0, 5.0, 5.0, 5.0, 5.0, 5.0, 5.0, 5.0, 5.0, 5.0, 5.0, 5.0, 5.0, 5.0, 5.0, 5.0, 5.0, 5.0, 5.0, 5.0, 5.0, 5.0, 5.0, 5.0, 5.0, 5.0, 5.0, 5.0, 5.0, 5.0, 5.0, 5.0, 5.0, 5.0, 5.0, 5.0, 5.0, 5.0, 5.0, 5.0]
# "wavelength_resolution": [0.03500000014901161, 0.03500000014901161, 0.03500000014901161, 0.03500000014901161, 0.03500000014901161, 0.03500000014901161, 0.03500000014901161, 0.03500000014901161, 0.03500000014901161, 0.03500000014901161, 0.03500000014901161, 0.03500000014901161, 0.03500000014901161, 0.03500000014901161, 0.03500000014901161, 0.03500000014901161, 0.03500000014901161, 0.03500000014901161, 0.03500000014901161, 0.03500000014901161, 0.03500000014901161, 0.03500000014901161, 0.03500000014901161, 0.03500000014901161, 0.03500000014901161, 0.03500000014901161, 0.03500000014901161, 0.03500000014901161, 0.03500000014901161, 0.03500000014901161, 0.03500000014901161, 0.03500000014901161, 0.03500000014901161, 0.03500000014901161, 0.03500000014901161, 0.03500000014901161, 0.03500000014901161, 0.03500000014901161, 0.03500000014901161, 0.03500000014901161, 0.03500000014901161, 0.03500000014901161, 0.03500000014901161, 0.03500000014901161, 0.03500000014901161, 0.03500000014901161, 0.03500000014901161, 0.03500000014901161, 0.03500000014901161, 0.03500000014901161, 0.03500000014901161, 0.03500000014901161, 0.03500000014901161, 0.03500000014901161, 0.03500000014901161, 0.03500000014901161, 0.03500000014901161, 0.03500000014901161, 0.03500000014901161, 0.03500000014901161, 0.03500000014901161, 0.03500000014901161, 0.03500000014901161, 0.03500000014901161, 0.03500000014901161, 0.03500000014901161, 0.03500000014901161, 0.03500000014901161, 0.03500000014901161, 0.03500000014901161, 0.03500000014901161, 0.03500000014901161, 0.03500000014901161, 0.03500000014901161, 0.03500000014901161, 0.03500000014901161, 0.03500000014901161, 0.03500000014901161, 0.03500000014901161, 0.03500000014901161, 0.03500000014901161, 0.03500000014901161, 0.03500000014901161, 0.03500000014901161, 0.03500000014901161, 0.03500000014901161, 0.03500000014901161, 0.03500000014901161, 0.03500000014901161, 0.03500000014901161, 0.03500000014901161, 0.03500000014901161, 0.03500000014901161, 0.03500000014901161, 0.03500000014901161, 0.03500000014901161, 0.03500000014901161, 0.03500000014901161, 0.03500000014901161, 0.03500000014901161, 0.03500000014901161, 0.03500000014901161, 0.03500000014901161, 0.03500000014901161, 0.03500000014901161, 0.03500000014901161, 0.03500000014901161, 0.03500000014901161, 0.03500000014901161, 0.03500000014901161, 0.03500000014901161, 0.03500000014901161, 0.03500000014901161, 0.03500000014901161, 0.03500000014901161, 0.03500000014901161, 0.03500000014901161, 0.03500000014901161, 0.03500000014901161, 0.03500000014901161, 0.03500000014901161, 0.03500000014901161, 0.03500000014901161, 0.03500000014901161, 0.03500000014901161, 0.03500000014901161, 0.03500000014901161, 0.03500000014901161, 0.03500000014901161]
# "angle": [0.18219999969005585, 0.19380000233650208, 0.2054000049829483, 0.21649953031204572, 0.22784986912219965, 0.23960000276565552, 0.2507998997917756, 0.26205009108226307, 0.2736000120639801, 0.28519999980926514, 0.29624956757521564, 0.3077000696292447, 0.31940001249313354, 0.3307002178961694, 0.341949665579471, 0.3535007571760494, 0.36500000953674316, 0.3762497227418816, 0.3874992450619232, 0.39899998903274536, 0.4106000065803528, 0.42184963849018714, 0.4332994027324225, 0.4447999894618988, 0.4559998515488613, 0.46730019695891534, 0.4787999987602234, 0.4903999865055084, 0.5017001630068302, 0.5129498040745546, 0.5246000289916992, 0.5358015699608262, 0.5472000241279602, 0.5587999820709229, 0.5702000260353088, 0.6248500358937418, 0.6793491529644732, 0.7341003311327553, 0.7888000011444092, 0.8435499941202754, 0.8982502532374163, 0.953000009059906, 1.007650508725449, 1.062449761880463, 1.1171001679322772, 1.1719502206088774, 1.2267000552139002, 1.2813999652862549, 1.336400032043457, 1.390900368372467, 1.4457999467849731, 1.5005499320788278, 1.5550492422897133, 1.6098001147769831, 1.664649371234123, 1.7191004637810803, 1.7739500560334902, 1.8286501779513227, 1.8833999633789062, 1.937999963760376, 1.992799997329712, 2.0476499326936524, 2.1023000657231035, 2.157100297904453, 2.211949774894106, 2.2668999922519504, 2.3213501958815184, 2.3762501886360665, 2.4310500212623745, 2.4859000676821617, 2.5407000618097477, 2.595550058685928, 2.6500499948767495, 2.70484980782693, 2.759599649329938, 2.8144498405613003, 2.8691496806890995, 2.9240000247955322, 2.978699952997676, 3.033550034883499, 3.0883499643895926, 3.143149847644538, 3.1979497650890023, 3.25269987595396, 3.3074500424877002, 3.3624000549316406, 3.4171501546415195, 3.4718000888824463, 3.5267333061537642, 3.5813333129150524, 3.6362667343603814, 3.691200017929077, 3.745933440755622, 3.8009334737768867, 3.855799913406372, 3.910599946975708, 3.965399980545044, 4.0201331133649525, 4.075066491784231, 4.12966675761328, 4.18466662032963, 4.239399903506417, 4.294533408336383, 4.349133154146338, 4.404333161450871, 4.458999887386217, 4.513799958174097, 4.568800029896713, 4.623600006103516, 4.678666806860389, 4.733399899470143, 4.788266774712676, 4.843133386218891, 4.8979997634887695, 4.952866442900326, 5.008000091683865, 5.063066811604913, 5.117666660388411, 5.172800064086914, 5.227666849457079, 5.282599925994873, 5.337600054930956, 5.392533341215497, 5.4474666913967695, 5.502400207031369, 5.557199954986572, 5.612333358277548, 5.667200088500977, 5.722333573958654]
# "angular_resolution": [0.001850811648182571, 0.001950418227352202, 0.0020764165092259645, 0.00218198262155056, 0.002307980554178357, 0.002412695437669754, 0.0025395448319613934, 0.002639151643961668, 0.0027642985805869102, 0.0028698649257421494, 0.0029907547868788242, 0.003101428970694542, 0.0032248947018369708, 0.003343209158629179, 0.0034530318807810545, 0.0035696655977517366, 0.003679488552734256, 0.0038054867181926966, 0.0039059449918568134, 0.004031942691653967, 0.004136656876653433, 0.004263507202267647, 0.004366749717996357, 0.004494220018386841, 0.00459978636354208, 0.004720676224678755, 0.0048313504084944725, 0.004957347642630339, 0.005072279833257198, 0.005177845247089863, 0.005293627735227346, 0.005404956452897701, 0.005530300084501505, 0.005635014735162258, 0.005761012900620699, 0.00630161352455616, 0.006869457196444273, 0.007409206125885248, 0.007965130731463432, 0.008529568942076614, 0.00907187070697546, 0.009633755311369896, 0.010180315934121609, 0.010736239142715931, 0.011281095445156097, 0.011842980049550533, 0.012383582070469856, 0.012940356507897377, 0.013496280647814274, 0.014047098346054554, 0.014613240025937557, 0.01514873094856739, 0.015715721994638443, 0.016260152487902694, 0.016817355528473854, 0.017363063991069794, 0.017914732918143272, 0.018470657989382744, 0.019026581197977066, 0.019585911578052714, 0.020123958587646484, 0.02069477328752746, 0.021230699494481087, 0.02179769054055214, 0.022345095986580348, 0.02289421297609806, 0.02345013990998268, 0.02400180883705616, 0.024562839418649673, 0.02510471839086026, 0.025666600242690064, 0.026205923408269882, 0.026772065088152885, 0.027312666177749634, 0.027879657223820686, 0.028435586020350456, 0.028976181522011757, 0.02953721582889557, 0.030083775520324707, 0.030640339902289822, 0.03118540719151497, 0.03174728900194168, 0.03228789567947388, 0.03285403177142143, 0.03340484946966171, 0.033949706703424454, 0.034516699612140656, 0.03505219519138336, 0.035619184374809265, 0.036164890974760056, 0.03672081604599953, 0.037270779229865866, 0.037828411906957626, 0.03837922587990761, 0.0389249324798584, 0.03949107602238655, 0.0400325283408165, 0.04059355705976486, 0.04113415628671646, 0.04169519245624542, 0.0422460101544857, 0.042802780866622925, 0.043354447931051254, 0.043899305164813995, 0.044461194425821304, 0.045006901025772095, 0.045568786561489105, 0.046113647520542145, 0.046670421957969666, 0.047216128557920456, 0.04777716100215912, 0.04833393543958664, 0.04887453466653824, 0.04944152384996414, 0.04998128116130829, 0.050543162971735, 0.05108886957168579, 0.05164479464292526, 0.052200715988874435, 0.052752383053302765, 0.053307462483644485, 0.05385401472449303, 0.05442101135849953, 0.054955657571554184, 0.05552264302968979, 0.056068357080221176, 0.05661916732788086, 0.05717594176530838, 0.05772591754794121]
# "columns": ["Qz", "Intensity", "uncertainty", "resolution"]
# "units": ["1/Ang", "counts per monitor", "counts per monitor", "1/Ang"]
0.007992172835925888 0.1242799671161874 0.0017577572959454944 9.8594701109e-05
0.00850100315000752 0.11071429506783315 0.001581415387560118 0.00010421442213
0.009009833115638657 0.09314229192863224 0.0013546509236902454 0.00011078568912
0.009496709477344357 0.07226023818298456 0.0011225091617917363 0.00011653296877
0.009994587306136886 0.04905478859751252 0.0008989377253590308 0.00012306072523
0.010510001553380798 0.03579978545397308 0.0007130214672224657 0.00012889105303
0.011001279511496972 0.02780113859544887 0.0006006109751313134 0.00013542308279
0.011494763179480822 0.02509141211435598 0.0005506891677746852 0.00014098180574
0.012001393870019323 0.026126950402650544 0.0005379734869850665 0.00014751355827
0.012510220219664626 0.028512373867134882 0.0005324671103363619 0.0001533484871
0.012994902257861832 0.028259533087512254 0.0005163030132889635 0.00015963912099
0.013497170505316671 0.02731268189055793 0.0004824379565462858 0.00016563186713
0.014010379742109108 0.02296207926769666 0.0004315628048393142 0.00017212923724
0.014506054239984847 0.017905092799177357 0.0003723992323994195 0.00017837105439
0.014999501730532744 0.013980670457480688 0.0003113441630342537 0.000184297804
0.015506179973879635 0.010196379763672558 0.0002556511993180421 0.00019052285704
0.016010583709798208 0.007572832511496086 0.0002162149014256575 0.00019649336377
0.016504041024758012 0.0063886339415228114 0.00019760130118577944 0.00020300324134
0.016997489330501814 0.006791661576314161 0.00019480481563970457 0.00020859239422
0.017501956528670766 0.007902201465815826 0.00019847508810504652 0.00021514606758
0.018010777536236883 0.008754820574570683 0.00020012766877601176 0.00022095001221
0.01850422858855761 0.008487331482440763 0.00019536018258012336 0.00022749040832
0.01900645746304885 0.007704422707387062 0.00018297521088609815 0.00023321494424
0.01951091483510741 0.006548255612622276 0.00016397510450267338 0.00023982155832
0.02000218058020988 0.005087960437354699 0.00014151868668847698 0.00024558605196
0.02049785310622615 0.0038463055626999517 0.00011821792566034003 0.00025192044552
0.02100227366587707 0.0027199986756912256 9.799153921023074e-05 0.00025792147612
0.021511087865789407 0.002361834023841963 8.5274931986171e-05 0.00026449238688
0.02200675049567994 0.002063938160826133 8.182316880340475e-05 0.00027061194776
0.0225001956262317 0.0023653876153372127 8.444318756516189e-05 0.00027638493837
0.023011210727301383 0.002774516203340537 8.870405986336138e-05 0.00028259632568
0.023502544257962332 0.00309998980293861 9.085659457542944e-05 0.00028856866819
0.02400251407594239 0.0032843679605065856 8.945140033851502e-05 0.00029508060848
0.02451132146842449 0.002848034412540344 8.405379460296748e-05 0.00030088417456
0.02501135908224192 0.002395158569591593 7.623673684705622e-05 0.00030741988815
0.02740844631172907 0.000805359536484311 4.046127478672991e-05 0.00033646498695
0.029798890172669047 0.0012683999387349727 4.4286596476667215e-05 0.00036646498523
0.032200362802516654 0.0003351128447557278 2.2708783198645894e-05 0.00039549546514
0.0345995468421887 0.0005626588873525106 2.597540715744265e-05 0.00042509922602
0.03700090651973685 0.00027610906249170774 1.6722534897848366e-05 0.00045501784752
0.03940005110835219 0.00022856610203414484 1.4649065299585956e-05 0.00048412870195
0.04180133065387714 0.00021098029759263542 1.3609813667512512e-05 0.00051395318404
0.0441982188416707 0.00011076228685561306 8.44438103154428e-06 0.00054320675689
0.04660159075475769 0.0001894168691320273 1.0682995118659366e-05 0.00057282269659
0.04899839211544251 5.19555159547742e-05 6.252754310828437e-06 0.00060201246553
0.051403904547154225 0.00011555009432874934 7.859117167341729e-06 0.0006318496342
0.053804974820809814 7.779808529284293e-05 5.8870267940161454e-06 0.0006609008209
0.056203806577540406 6.779658318088272e-05 5.548529710423254e-06 0.00069052475394
0.05861574987287662 8.345945840507993e-05 5.561428605895336e-06 0.00072016900196
0.061005724987154716 4.45135923015737e-05 4.098917973270772e-06 0.00074954036941
0.06341315204702978 7.742991316803287e-05 4.907074920846443e-06 0.0007795321675
0.06581396124893782 2.952109396976741e-05 3.4820789387348973e-06 0.00080839148689
0.06820371856622515 5.4526263801344436e-05 4.042390183977151e-06 0.00083834053494
0.07060444457680047 4.569145535177169e-05 3.273982130596496e-06 0.00086751865448
0.07300941989835855 3.936888526683237e-05 3.2184186390104917e-06 0.00089717239294
0.07539687075165277 4.076258958379492e-05 3.0790508702019498e-06 0.00092634050161
0.07780172528641544 3.1914809465362516e-05 2.5913775083100886e-06 0.00095579097027
0.08019995535774885 4.648690590534516e-05 2.7639073616986275e-06 0.00098536665181
0.08260028963957322 2.452920987131838e-05 2.2127713421459974e-06 0.001014948816
0.08499398194999101 3.357133892617468e-05 2.3749440469830917e-06 0.0010446254502
0.08739636620751783 1.675306398032915e-05 1.9946126052250497e-06 0.0010735678862
0.0898008580566095 2.4920592599076677e-05 1.990248091551104e-06 0.0011036972898
0.09219650919656784 2.1554817129110775e-05 1.8248319914738709e-06 0.0011325325423
0.0945986558780971 1.6886960147934748e-05 1.6713568103888055e-06 0.0011625106685
0.09700287453161632 1.549548587322804e-05 1.6441724468864226e-06 0.001191789307
0.09941141979766625 1.1317019724426758e-05 1.4440257793321895e-06 0.0012211446239
0.10179795857142186 1.7006974954837345e-05 1.4518476895956991e-06 0.0012506554808
0.10420411840390889 1.1261802407109452e-05 1.2872018655071712e-06 0.0012800886548
0.10660579300406356 1.1905356682681973e-05 1.2673951684501262e-06 0.0013098387968
0.10900957063481895 8.200197009845703e-06 1.1683771704663809e-06 0.0013389051273
0.11141105498284705 5.259917046935286e-06 1.1119323419115436e-06 0.0013686802184
0.11381462853032609 7.556025358892143e-06 1.0633135960193655e-06 0.0013976487621
0.11620275881646984 6.7139366679963576e-06 9.927843191209703e-07 0.0014275190261
0.11860392337685059 6.166527210903955e-06 9.660879766541588e-07 0.0014565188218
0.12100278999075587 2.9403855786323294e-06 9.044098967718592e-07 0.0014864569303
0.123405942638766 2.9973700866923783e-06 8.779759803307926e-07 0.0015160110092
0.12580239532117274 2.735413399611429e-06 8.349576314956162e-07 0.0015449836857
0.12820532659117537 4.151997423710705e-06 8.038762134776988e-07 0.0015747149895
0.13060155130111611 2.613487459482283e-06 7.75672096668406e-07 0.0016038957318
0.13300423422407398 1.957400429882342e-06 7.442846519667072e-07 0.0016334592366
0.13540459852074851 2.2174269913269686e-06 7.227744401222035e-07 0.0016625967396
0.13780483692681283 4.062759345848306e-06 6.961798338499251e-07 0.001692335776
0.1402049507699347 1.781753433938682e-06 6.759346027968573e-07 0.001721305602
0.14260275511566484 1.6236999961299905e-06 6.554239584093553e-07 0.0017511816905
0.14500043168674942 2.6636845093972407e-06 6.352330197616134e-07 0.0017805028408
0.1474067269884132 1.4037196319738303e-06 6.188956079878585e-07 0.00180964043
0.14980413314475735 1.978847578986364e-06 5.999762558353565e-07 0.0018395357665
0.15219701682784592 2.594065688709201e-06 5.853655840216214e-07 0.0018682767351
0.15460216469933988 3.6457171968839384e-06 5.687924455239487e-07 0.0018981956519
0.15699258275343303 2.071177262799318e-06 5.543954435419474e-07 0.0019272872246
0.15939745400404454 2.2817999735076316e-06 5.403408481111718e-07 0.0019567999666
0.1618021726950491 2.256598772959168e-06 5.259452785079064e-07 0.0019860940648
0.16419799450980072 2.213695822561203e-06 5.135357309458516e-07 0.0020156250526
0.16660533559405066 1.942786982655578e-06 4.997134647590619e-07 0.0020449526875
0.16900667635978753 2.1751046971486527e-06 4.880103653432013e-07 0.0020740691984
0.17140495603330955 2.639545421713e-06 4.7532893141603336e-07 0.0021039044302
0.1738030789091177 2.7476768701306575e-06 4.6388658277686796e-07 0.002132847564
0.17619811541896918 3.4861721175637548e-06 4.5238842413216e-07 0.0021624782041
0.17860175268863576 3.0683736924986097e-06 4.411319624422238e-07 0.0021914045949
0.1809906517688654 2.660945634516333e-06 4.3056880989861243e-07 0.0022210031367
0.18339686804316144 2.7851529035869565e-06 4.1970444749828404e-07 0.0022502987603
0.18579125383373882 1.9890597197629986e-06 4.097391285476803e-07 0.0022797573761
0.18820297647946815 2.3998323807911695e-06 3.9948066931404797e-07 0.0023090968245
0.19059117899630287 2.274115610085542e-06 3.8999030429828435e-07 0.0023380945486
0.1930054611073755 2.6194425513251583e-06 3.804368807271449e-07 0.0023678026249
0.19539624254774698 2.465205594469427e-06 3.7137801606790566e-07 0.0023968323518
0.19779267713082255 2.87936586642788e-06 3.62567707075332e-07 0.0024264609658
0.2001976759237718 1.3347621665749089e-06 3.5390781292702534e-07 0.0024555074799
0.2025937416333376 2.2423644421863357e-06 3.456567761600951e-07 0.0024849419971
0.2050012872508618 1.8081055410481934e-06 3.375000064553065e-07 0.0025140197881
0.20739405535724792 2.34033951405901e-06 3.29761765828955e-07 0.0025435848446
0.20979248208982937 2.1055126632583936e-06 3.2217324502776415e-07 0.0025730145918
0.21219070491266218 1.6258198677863396e-06 3.148867208024147e-07 0.002601858231
0.21458872291864658 1.6907943164593124e-06 3.0781571312683125e-07 0.0026316432952
0.21698655735163624 1.7063737427455096e-06 3.009819158290083e-07 0.0026604455505
0.21939585869120526 1.4078914717997854e-06 2.9436219832418357e-07 0.0026900818019
0.22180203250773886 1.5628952090617303e-06 2.879546665688161e-07 0.0027191204263
0.22418760383079733 1.3655516169799237e-06 2.8183366585992477e-07 0.0027484395571
0.22659628059602716 1.4532152124725157e-06 2.7584000396704335e-07 0.0027778442421
0.2289931010058303 1.3105192203424203e-06 2.7009114405723595e-07 0.002807044577
0.2313926069324627 1.1001501919811129e-06 2.645203875367003e-07 0.0028363726002
0.2337948286507036 1.306289418366841e-06 2.591328517065881e-07 0.0028654002743
0.2361939158635332 1.1711329031001654e-06 2.539293169723306e-07 0.0028951432334
0.2385927887491585 1.2312382898088771e-06 2.4889416998126505e-07 0.0029237203011
0.2409914495359325 1.370413673529726e-06 2.440252110014664e-07 0.002953450233
0.24338404866520977 1.2470775609042214e-06 2.3932240137762516e-07 0.0029823885354
0.24579099076063088 1.3090942747599197e-06 2.3475001304516113e-07 0.003011560174
0.24818606485530048 9.65749426820319e-07 2.3035233584268912e-07 0.0030408933638
0.2505925542485234 1.0440241971276556e-06 2.2608551141865292e-07 0.0030700220405
