# intensity: 0.948177383614993
# background: -9.97216645111005e-09
#           Q (1/A)             dQ (1/A)                    R                   dR               theory              fresnel
 0.00781815723189443 0.000454304935503194        0.94042127662       0.020258761055    0.948177373642827    0.103460074111308
 0.00832698766035703 0.000459088990120259        0.96468354227       0.020226066995    0.948177373642828   0.0972488063410607
 0.00883581774750191 0.000465039117006398        0.97079721644       0.020121600694    0.948177373642828   0.0881572272114376
 0.00932269423215649 0.000470096872120468        0.97337785591       0.020279988109    0.948177373642829   0.0787959596580199
 0.00982057219342975 0.000476068140834497        0.99557930958       0.021085442115    0.948177373642829   0.0700912106258318
  0.0103359865850149 0.000481150061753269        0.99774126173       0.020618389947    0.948177373642827   0.0621940911590718
  0.0108272646875255 0.000487180915319898         0.9987182978       0.020468967469    0.948177373642825   0.0556042437338784
  0.0113207485072464 0.000492048322331957         1.0035928266       0.020685919128    0.948177373642826   0.0497814241480222
   0.011827379360544 0.000498050200025947        0.99744285755       0.020907138128    0.948177373642828    0.044525844419643
  0.0123362058807712 0.000503222168693707         1.0051030258       0.020607493284     0.94795897400573   0.0398826002658654
  0.0128208880880894 0.000509039693149055         1.0068367122       0.020481880295    0.943177611921863   0.0359772269219364
  0.0133231565176301 0.000514450485688027        0.99865338281       0.020430051963     0.90118102069637   0.0323934501583358
  0.0138363659476538 0.000520439492543844        0.94694268522       0.019708224304    0.743293045690366   0.0291558828564737
  0.0143320406390474 0.000526195169904835         0.4818504735      0.0098755600991    0.491963140100685   0.0263836459475004
  0.0148254883289672 0.000531593567973686        0.23204933846      0.0047867014696     0.27883831098795   0.0239275150976168
  0.0153321667840123 0.000537314377889252        0.15293694318      0.0032076252777    0.160624111879496   0.0216810557758006
  0.0158365707377042 0.000542750642826411        0.10837367154      0.0023339461332    0.105786591251036   0.0196897359679544
  0.0163300282724943 0.000548875482187256        0.08261240226      0.0017603113986   0.0770263032516046    0.017947798178891
  0.0168234768047728 0.000553915021581798       0.064198739685      0.0013781846139   0.0589983307242639   0.0163859622761851
    0.01732794424147 0.000560075122549424       0.051287607468        0.00112058345   0.0464958968836005   0.0149541803231043
  0.0178367654967255  0.00056534079755294       0.041878828386     0.00093863990418   0.0375203047608232   0.0136583643817042
  0.0183302167960667 0.000571538295266232       0.034897041117     0.00077618690841   0.0310869689842906   0.0125282176654132
  0.0188324459288613 0.000576749985009855       0.029505276495     0.00066166954692   0.0260959280823817   0.0114908751369049
  0.0193369035673652 0.000583008180823432       0.024928613123     0.00056922928254   0.0222035082076175   0.0105511838812005
   0.019828169578684 0.000588318923414102       0.021497382885      0.0005030374581   0.0191921138420765  0.00972334365110234
  0.0203238423800439 0.000594297829800752       0.018389141989     0.00042927877615   0.0167346480604336  0.00896622245619843
  0.0208282632268474 0.000599864567098809       0.016273428581     0.00038170379031    0.014685306348931  0.00826745563019251
  0.0213370777235158 0.000606098248418058       0.014421171716     0.00034362209324   0.0129720265674415  0.00762814654168887
  0.0218327406493509 0.000611846141224527       0.013088962395     0.00031804765139   0.0115681088909404  0.00706188326614356
   0.022326186081247  0.00061719991018404       0.011661152119     0.00028326700722   0.0103757869769716   0.0065479036273026
  0.0228372015014622  0.00062302586571608       0.010075319114     0.00024736290961  0.00931356241194308  0.00606260948048156
  0.0233285353457616  0.00062863458399019      0.0091784957403      0.0002283491178  0.00842627293586908  0.00563670336639441
  0.0238285054897209 0.000634858681872948      0.0081872962091      0.0002084304706  0.00763539950887233  0.00524102461127782
  0.0243373132210154 0.000640233285998337      0.0073120193556     0.00018673134825  0.00693204171064199  0.00487621444521262
  0.0248373511747553 0.000646497402836413      0.0066580714925      0.0001521029448  0.00633200041144879  0.00455481498795209
  0.0272344401294426 0.000673931773590464      0.0042495052754     0.00011362611666  0.00411432250948215  0.00330719813826806
  0.0296248858684713 0.000702621827188114      0.0027195620028     7.7930941748e-05  0.00266195658842486  0.00244278424951052
  0.0320263605436199 0.000730267421529789      0.0016858937884     5.3699973091e-05  0.00171597779960066  0.00183738154342961
  0.0344255467853347  0.00075868250543957      0.0011925729627     4.0071175213e-05  0.00113294665907374  0.00140667021091757
  0.0368269088257595 0.000787541328773904     0.00091976044572     3.2059828454e-05 0.000815470097132059  0.00109359499492418
  0.0392260559337676 0.000815555958278572     0.00077174902963     2.7475934503e-05 0.000686846896354625 0.000862357790975758
  0.0416273381597685 0.000844454066231369     0.00075220754225     2.5585058445e-05 0.000679360666735763 0.000688505842729686
  0.0440242291816195  0.00087277344614294     0.00072485168396     2.4114167428e-05 0.000735089371460991 0.000556222182105293
  0.0464276040954197 0.000901549946958791     0.00079543796659     2.4606757598e-05 0.000808315476996212 0.000453779928432868
  0.0488244086071741 0.000929909214924035     0.00081114203687     2.4149907516e-05 0.000866251987911803 0.000373916730826445
  0.0512299243606237 0.000959031531156449      0.0008555855957     2.4553236457e-05 0.000890673777727324 0.000310574136305272
  0.0536309981089554 0.000987319888136346     0.00080413659193     2.2608734135e-05 0.000875423012332252 0.000260100960179679
  0.0560298334958353  0.00101629723713302     0.00073335198344     2.0897064006e-05 0.000824649025172484 0.000219465538749134
  0.0584417806011142  0.00104531035877222     0.00068140540058      1.896895103e-05 0.000748525929481808  0.00018626302582587
  0.0608317596488471  0.00107408933933589      0.0006131613404     1.7162700982e-05 0.000661896541273935 0.000159305317736385
  0.0632391908301292  0.00110356152828957     0.00053954760843     1.5326033451e-05 0.000576812765447728  0.00013688891282922
  0.0656400043012768   0.0011318121745177     0.00048287476174     1.3653208403e-05 0.000504890547230596 0.000118308514031266
  0.0680297660260092  0.00116131791267929     0.00042580296411     1.2280562568e-05 0.000452650793346464 0.000102832569236331
  0.0704304966228517  0.00118997529147314     0.00039580661525     1.1249988092e-05 0.000421494751111218 8.97439444389489e-05
  0.0728354766981852  0.00121917583426128     0.00038830096636     1.0893443758e-05 0.000409381680903394 7.86472418616772e-05
  0.0752229324284202  0.00124788684010727     0.00039346744622     1.0870685222e-05 0.000410919148820931 6.92723558856574e-05
  0.0776277920346394  0.00127690413744739      0.0004075900885     1.0840158047e-05  0.00041911649735962  6.1196303683238e-05
  0.0800260273223568  0.00130608681593769     0.00040001183269     1.0728896632e-05 0.000426803902430587 5.42781434597298e-05
  0.0824263669840432  0.00133529035374586     0.00040545130424     1.0445651016e-05 0.000428082362356885 4.83028791534725e-05
  0.0848200648177629  0.00136462167934274     0.00039828021459     1.0189034031e-05 0.000419114395684284 4.31391525002776e-05
  0.0872224547776323  0.00139315305909069      0.0003922543717     1.0031144408e-05 0.000398426155204036 3.86305738930446e-05
  0.0896269524935671  0.00142299335791009     0.00035479245702     8.9678797134e-06 0.000366948576120303  3.4691245119721e-05
  0.0920226096375027   0.0014514453387865     0.00031591822822     8.2472361537e-06 0.000327671439099194 3.12521597490316e-05
  0.0944247624983625  0.00148114746630868     0.00028313734905      7.295329819e-06 0.000284268407837408 2.82205131060849e-05
  0.0968289874960548  0.00151009708232353     0.00024690532014     6.4597459106e-06 0.000241014547574854  2.5544692897108e-05
  0.0992375392777247   0.0015391365835882     0.00019904836892      5.424663388e-06 0.000201616432845308 2.31738206272998e-05
   0.101624084665571   0.0015683809983323     0.00016484333687      4.563999053e-06 0.000169137598373929 2.10893883565587e-05
   0.104030251325768   0.0015975282614691     0.00014381280847     4.1609406585e-06 0.000144347856731452 1.92193883818129e-05
    0.10643193290037   0.0016270327881532     0.00013369107922     3.7882541235e-06 0.000127548665141254 1.75546075676236e-05
   0.108835717671225  0.00165580456163485      0.0001238101761     3.5172064553e-06 0.000117511276916484 1.60646296927267e-05
   0.111237209311947  0.00168535277758733     0.00011425814612     3.2738804224e-06 0.000112307883067021 1.47303581578903e-05
   0.113640790318022   0.0017140367919534     0.00011148929981     3.1442982976e-06 0.000109653100313538 1.35304630248923e-05
   0.116028928172951  0.00174371610775505     0.00010752316696     3.0998917888e-06  0.00010740679111233 1.24567052887635e-05
   0.118430100502344  0.00177245186485705      0.0001011838457      2.787417455e-06 0.000103848430195088 1.14821557298881e-05
   0.120828975036967  0.00180220556561511     9.6163217378e-05     2.6328526327e-06 9.79599550409973e-05 1.06016995073744e-05
   0.123232135779361  0.00183154822263357     8.5959313873e-05     2.4067398962e-06  8.9414798023589e-05 9.80250267364925e-06
   0.125628596692596  0.00186028004935833     7.9147492517e-05     2.2544534791e-06 7.85958127277397e-05 9.07897404300215e-06
   0.128031536375134  0.00188982482169814      6.690692774e-05     1.9751979413e-06 6.62572029895398e-05 8.41917205430937e-06
   0.130427769633158  0.00191879179921827      5.394557596e-05     1.6846493848e-06 5.35212918622295e-05 7.81969652870136e-06
   0.132830461286708  0.00194816763294747     4.2612585873e-05     1.4254635042e-06 4.13874183940732e-05 7.27118010267176e-06
   0.135230834465028  0.00197709539121764     3.4312349983e-05     1.2470023337e-06 3.07840074263562e-05 6.77023483290421e-06
   0.137631081911686  0.00200667057669261      2.538842805e-05     1.0331344934e-06 2.22750464160546e-05 6.31163158395536e-06
   0.140031204954353  0.00203542963599514     2.0401880397e-05     9.1307374828e-07 1.60745080878478e-05 5.89113087485775e-06
   0.142429018649989  0.00206516150476887     1.5917959945e-05     8.1562884394e-07  1.2066531728599e-05 5.50535833045446e-06
    0.14482670472963  0.00209430602036843     1.3010019891e-05     7.7292419803e-07 9.86792533117029e-06 5.15059116328767e-06
   0.147233009734061  0.00212325202283775     1.1282400833e-05     6.9662102899e-07 8.95528972936206e-06 4.82273919438838e-06
   0.149630425716785   0.0021530154298036     9.6808122521e-06     6.4169653162e-07 8.77967698532684e-06 4.52156958362158e-06
   0.152023319366456  0.00218155920907735     7.8854624893e-06     6.0231484619e-07 8.84626010727975e-06 4.24398136167899e-06
   0.154428477415452  0.00221134772852545      9.572375751e-06      7.136060187e-07 8.79569558596127e-06 3.98605454949444e-06
   0.156818905743521  0.00224027325579503     7.7128434508e-06     6.4288099326e-07 8.42711279806027e-06  3.7487712400881e-06
   0.159223787490013   0.0022696371976932     7.0560157705e-06     5.9835244251e-07 7.68369653137026e-06 3.52755359451619e-06
   0.161628516836512  0.00229877268922701     7.8252182171e-06      5.998961776e-07 6.63191496855464e-06 3.32237088105994e-06
   0.164024349426751  0.00232816910351664     6.8132187651e-06     5.8410304876e-07 5.41094769040931e-06 3.13252234648905e-06
   0.166431701498597  0.00235734412218956     5.3332378769e-06     5.3839164187e-07 4.16433525622796e-06 2.95517580582242e-06
   0.168833053384658  0.00238630344724175     5.0752632764e-06     5.1048462117e-07 3.03400498746042e-06 2.79055087443397e-06
   0.171231344323967   0.0024160275393814      3.641740675e-06     4.7418409992e-07 2.10439656728272e-06 2.63737923789511e-06
   0.173629478624379  0.00244481160818889     2.5461663524e-06     4.6118555115e-07 1.40574291985757e-06 2.49453741656204e-06
   0.176024526703402  0.00247432650537874     2.1531124671e-06     4.4401219565e-07 9.23137303583958e-07 2.36136425422554e-06
   0.178428175743845  0.00250309427786526     1.5170202315e-06     4.0551742961e-07 6.08459498926023e-07 2.23648611796541e-06
   0.180817086681584  0.00253258408273468     1.3533541591e-06     3.9106453261e-07 4.07823201832425e-07 2.12041211466783e-06
   0.183223315059523  0.00256174417884375     9.1309153876e-07     3.8963709415e-07 2.69352526136152e-07  2.0109723148326e-06
   0.185617713053839  0.00259108650121592     1.5369394716e-06     3.9833357612e-07 1.65222940879021e-07 1.90896746286425e-06
    0.18802944815265  0.00262029321056035     5.5600684639e-07     3.5733578368e-07 8.70406111393306e-08 1.81263272577699e-06
   0.190417663160357  0.00264915872295535     6.6232133157e-07     3.4654198149e-07 4.77046927266264e-08 1.72311876357846e-06
   0.192831958059804  0.00267875553624081     3.2296415994e-07     3.4434679018e-07 6.74775444189386e-08 1.63814180300083e-06
   0.195222752323719  0.00270765688329935     1.0393211062e-06     3.6114754925e-07 1.64558512655011e-07 1.55905962700473e-06
   0.197619199920129  0.00273718551841676     8.5366250841e-07     3.3259512839e-07 3.45741395033484e-07 1.48449347987818e-06
   0.200024211933471  0.00276609871330016     1.3522113278e-06     3.2716985665e-07 6.00440457305476e-07 1.41405816846106e-06
   0.202420290974303  0.00279542691187683      2.039141174e-06     3.3745829929e-07   8.971957338451e-07 1.34796205130889e-06
   0.204827850147834  0.00282437494454095     2.4351595507e-06     3.5584701315e-07 1.19541468535716e-06 1.28536388351667e-06
   0.207220631886828  0.00285384518149969     2.3494990003e-06     3.2891939497e-07 1.44439188884143e-06 1.22668302080587e-06
   0.209619072444177  0.00288317119362607     3.3843908233e-06     3.2890629428e-07 1.60452691897767e-06 1.17115905815246e-06
   0.212017309250728  0.00291188465001262      3.246467622e-06     3.2294606415e-07 1.64760202543493e-06 1.11871899078208e-06
   0.214415341399375  0.00294158582278218     2.2574147794e-06     3.1716442649e-07 1.56622311054629e-06 1.06916159161586e-06
   0.216813190134096  0.00297025929954427     2.8860862083e-06     3.0782191184e-07 1.37492966110575e-06 1.02229564813467e-06
   0.219222506005127  0.00299980009341494     2.8046527436e-06     2.9262333271e-07 1.10525313851299e-06 9.77740146395008e-07
   0.221628694495706  0.00302871881462911     1.9230021494e-06     2.7878388829e-07 8.03821922662167e-07 9.35614071392627e-07
   0.224014280526482  0.00305794459788866     1.6226653924e-06     2.8376591525e-07 5.20904758112127e-07 8.96042231996481e-07
   0.226422972302865  0.00308724710295019     1.0134455126e-06     2.6711804934e-07 2.93340996942112e-07 8.58164858895845e-07
   0.228819807810541  0.00311634422810979     6.9608808893e-07      2.490746914e-07 1.53290988248517e-07 8.22417539256729e-07
   0.231219329012488   0.0031455742637185     1.0471486058e-06     2.4855854721e-07 1.10248733324856e-07 7.88453724141548e-07
   0.233621566184261  0.00317449023103912     9.4595012711e-07     2.5350481309e-07 1.57055769131857e-07 7.56168060323819e-07
   0.236020668991208  0.00320415562636653     6.8835615696e-07     2.4649912036e-07 2.70809122279284e-07 7.25537402969702e-07
   0.238419557630224  0.00323260561429449     1.0385543147e-06     2.3526900632e-07 4.18914019461486e-07 6.96439697761288e-07
   0.240818234329676  0.00326225934686571     1.4045927786e-06     2.3392642358e-07 5.65845925661091e-07 6.68916322777932e-07
   0.243210849491529  0.00329109184497048     1.3168568981e-06     2.3735537649e-07 6.80824307691623e-07 6.43669046645984e-07
   0.245617807877029  0.00332016063559412     1.3242815683e-06     2.3891299038e-07 7.49168748241749e-07 6.22185488078746e-07
   0.248012898342181  0.00334940521650078     1.2437939413e-06     2.2434308729e-07 7.76629381427493e-07 6.06271530912467e-07
   0.250419404345432  0.00337843137398896     1.0167351098e-06     2.1750697923e-07   7.815380541342e-07 5.95579318059342e-07
