#     thickness (A)        interface (A)       rho (1e-6/A^2)      irho (1e-6/A^2)
                   0     2.75696605088409                2.069                    0
    8.48189604575617     2.75696605088409     3.80984090020585                    0
    115.914170711527                    0     2.37405855012178                    0
                   1                    0     2.37405855012178                    0
                 0.5                    0      2.3758323454185                    0
                 0.5                    0     2.37766158863487                    0
                 0.5                    0     2.38018703969581                    0
                 0.5                    0     2.38348317014703                    0
                 0.5                    0     2.38764344082358                    0
                 0.5                    0     2.39278042416208                    0
                 0.5                    0     2.39902583038343                    0
                 0.5                    0     2.40653037784103                    0
                 0.5                    0     2.41546344305155                    0
                 0.5                    0     2.42601242360696                    0
                 0.5                    0     2.43838174765799                    0
                 0.5                    0     2.45279146726051                    0
                 0.5                    0     2.46947537981838                    0
                 0.5                    0     2.48867863226536                    0
                 0.5                    0     2.51065477650439                    0
                 0.5                    0     2.53566226180581                    0
                 0.5                    0     2.56396037002667                    0
                 0.5                    0     2.59580462212949                    0
                 0.5                    0     2.63144170884226                    0
                 0.5                    0      2.6711040235241                    0
                 0.5                    0       2.715003900339                    0
                 0.5                    0      2.7633276845326                    0
                 0.5                    0     2.81622978272357                    0
                 0.5                    0     2.87382685842607                    0
                 0.5                    0      2.9361923503345                    0
                 0.5                    0     3.00335149718554                    0
                 0.5                    0     3.07527705242231                    0
                 0.5                    0      3.1518858638513                    0
                 0.5                    0     3.23303647774769                    0
                 0.5                    0     3.31852790352192                    0
                 0.5                    0       3.408099644555                    0
                 0.5                    0     3.50143306390669                    0
                 0.5                    0     3.59815411131514                    0
                 0.5                    0     3.69783739138986                    0
                 0.5                    0      3.8000115032735                    0
                 0.5                    0     3.90416553020893                    0
                 0.5                    0     4.00975650385087                    0
                 0.5                    0     4.11621761264334                    0
                 0.5                    0     4.22296686530112                    0
                 0.5                    0     4.32941585804067                    0
                 0.5                    0     4.43497822642634                    0
                 0.5                    0     4.53907728944811                    0
                 0.5                    0     4.64115231759597                    0
                 0.5                    0     4.74066278642247                    0
                 0.5                    0     4.83708992846917                    0
                 0.5                    0     4.92993489557631                    0
                 0.5                    0     5.01871292710972                    0
                 0.5                    0     5.10294313204103                    0
                 0.5                    0       5.182133879395                    0
                 0.5                    0     5.25576438590519                    0
                 0.5                    0     5.32326389632977                    0
                 0.5                    0     5.38399082671186                    0
                 0.5                    0      5.4372152744396                    0
                 0.5                    0     5.48210920922208                    0
                 0.5                    0     5.51774920141008                    0
                 0.5                    0     5.54313644385616                    0
                 0.5                    0     5.55723783212056                    0
                 0.5                    0     5.55904983532805                    0
                 0.5                    0     5.54768383967228                    0
                 0.5                    0     5.52246783062661                    0
                 0.5                    0     5.48305519366162                    0
                 0.5                    0     5.42952775133547                    0
                 0.5                    0     5.36247770529457                    0
                 0.5                    0     5.28305264295887                    0
                 0.5                    0      5.1929496968004                    0
                 0.5                    0     5.09434942706284                    0
                 0.5                    0     4.98978669526652                    0
                 0.5                    0     4.88196391913315                    0
                 0.5                    0     4.77352053011817                    0
                 0.5                    0     4.66677992999548                    0
                 0.5                    0     4.56350058030721                    0
                 0.5                    0     4.46466015932499                    0
                 0.5                    0     4.37030051096004                    0
                 0.5                    0     4.27945639115234                    0
                 0.5                    0     4.19018323727032                    0
                 0.5                    0     4.09968914754606                    0
                 0.5                    0     4.00456500470035                    0
                 0.5                    0     3.90109538957498                    0
                 0.5                    0     3.78562283217066                    0
                 0.5                    0     3.65493023230873                    0
                 0.5                    0     3.50660202070197                    0
                 0.5                    0     3.33932464876685                    0
                 0.5                    0     3.15309171692956                    0
                 0.5                    0     2.94928834046213                    0
                 0.5                    0     2.73064239788494                    0
                 0.5                    0     2.50104561565935                    0
                 0.5                    0     2.26526298021666                    0
                 0.5                    0     2.02856245885385                    0
                 0.5                    0     1.79630634663172                    0
                 0.5                    0     1.57354922579552                    0
                 0.5                    0       1.364684951892                    0
                 0.5                    0     1.17317677885516                    0
                 0.5                    0      1.0013922169328                    0
                 0.5                    0    0.850549684215019                    0
                 0.5                    0    0.720769893814649                    0
                 0.5                    0    0.611213376711432                    0
                 0.5                    0    0.520278065310053                    0
                 0.5                    0    0.445828049272078                    0
                 0.5                    0    0.385426155693254                    0
                 0.5                    0     0.33654788056929                    0
                 0.5                    0     0.29676099103115                    0
                 0.5                    0    0.263862362610425                    0
                 0.5                    0    0.235970094012455                    0
                 0.5                    0    0.211573865623383                    0
                 0.5                    0    0.189549573595132                    0
                 0.5                    0    0.169145597783243                    0
                 0.5                    0    0.149948053977454                    0
                 0.5                    0    0.131831566499216                    0
                 0.5                    0    0.114900980083255                    0
                 0.5                    0   0.0994283876208423                    0
                 0.5                    0   0.0857890877573535                    0
                 0.5                    0   0.0743996405571174                    0
                 0.5                    0   0.0656609714964539                    0
                 0.5                    0   0.0599093294681883                    0
                 0.5                    0   0.0573776750127381                    0
                 0.5                    0   0.0581696477560444                    0
                 0.5                    0   0.0622475981287298                    0
                 0.5                    0    0.069435308273849                    0
                 0.5                    0   0.0794350745576787                    0
                 0.5                    0   0.0918579154931029                    0
                 0.5                    0    0.106264933854898                    0
                 0.5                    0    0.122217385919907                    0
                 0.5                    0    0.139332807826504                    0
                 0.5                    0    0.157344549814579                    0
                 0.5                    0    0.176162131670126                    0
                 0.5                    0     0.19592977492152                    0
                 0.5                    0    0.217080118234294                    0
                 0.5                    0    0.240379384211308                    0
                 0.5                    0    0.266959173346962                    0
                 0.5                    0     0.29832882234852                    0
                 0.5                    0    0.336361264786657                    0
                 0.5                    0    0.383245088527486                    0
                 0.5                    0    0.441396543552946                    0
                 0.5                    0    0.513328047844221                    0
                 0.5                    0    0.601474422728164                    0
                 0.5                    0    0.707984400544522                    0
                 0.5                    0    0.834492140214146                    0
                 0.5                    0    0.981890373136076                    0
                 0.5                    0     1.15013192858081                    0
                 0.5                    0     1.33808831968146                    0
                 0.5                    0     1.54349173816665                    0
                 0.5                    0     1.76297982253343                    0
                 0.5                    0     1.99225143221102                    0
                 0.5                    0     2.22632778211883                    0
                 0.5                    0     2.45989876833466                    0
                 0.5                    0     2.68772155638245                    0
                 0.5                    0     2.90502974195992                    0
                 0.5                    0     3.10790822003929                    0
                 0.5                    0     3.29359193190613                    0
                 0.5                    0     3.46065544012972                    0
                 0.5                    0      3.6090733949467                    0
                 0.5                    0      3.7401473549006                    0
                 0.5                    0     3.85630984827993                    0
                 0.5                    0      3.9608299438044                    0
                 0.5                    0        4.05745437743                    0
                 0.5                    0      4.1500235589306                    0
                 0.5                    0     4.24210233215016                    0
                 0.5                    0     4.33666153528615                    0
                 0.5                    0     4.43583897385471                    0
                 0.5                    0     4.54079842267632                    0
                 0.5                    0     4.65169390717241                    0
                 0.5                    0     4.76773502670663                    0
                 0.5                    0     4.88733869381532                    0
                 0.5                    0     5.00834447093123                    0
                 0.5                    0     5.12826555280737                    0
                 0.5                    0     5.24454587366269                    0
                 0.5                    0     5.35479586337633                    0
                 0.5                    0     5.45698459319313                    0
                 0.5                    0     5.54957354855481                    0
                 0.5                    0      5.6315858478773                    0
                 0.5                    0     5.70261309453658                    0
                 0.5                    0     5.76276903869207                    0
                 0.5                    0     5.81260399954131                    0
                 0.5                    0     5.85299617333891                    0
                 0.5                    0     5.88503561771111                    0
                 0.5                    0     5.90991434427764                    0
                 0.5                    0     5.92883230344342                    0
                 0.5                    0     5.94292491384365                    0
                 0.5                    0     5.95321389257931                    0
                 0.5                    0     5.96057999912491                    0
                 0.5                    0     5.96575418503657                    0
                 0.5                    0     5.96932257623472                    0
                 0.5                    0     5.97174055699292                    0
                 0.5                    0     5.97335172323087                    0
                 0.5                    0     5.97440834716495                    0
                 0.5                    0     5.97509099564644                    0
                  56                    0     5.97622813841457                    0
                   0                    0     5.97622813841457                    0
